  1    15    29    43
     8    22    36    50    64    78    92
  2    16    30    44    57    71    85
     9    23    37    51    65    79    93
  3    17    31    45    58    72    86
    10    24    38    52    66    80    94
  4    18    32    46    59    73    87
    11    25    39    53    67    81    95
  5    19    33    47    60    74    88
    12    26    40    54    68    82    96
  6    20    34    48    61    75    89
    13    27    41    55    69    83    97
  7    21    35    49    62    76    90
    14    28    42    56    70    84    98
                         63    77    91
